
TO DLA WORDS
MFCC

SVM                = [0.2, 0.2,0.2,0.2,0.2, 0.2, 0.2, 0.2, 0.2]
RANDOM_FOREST      = [0.85, 0.85,0.783, 0.75,0.75, 0.666, 0.583,  0.6,  0.516]
MLP                = [0.783, 0.817,0.25, 0.783,0.133, 0.533, 0.283, 0.2, 0.5]


SPECTRAL

SVM                = [0.417,0.417,0.4, 0.383, 0.283, 0.25, 0.183, 0.2, 0.2]
RANDOM_FOREST      = [0.5, 0.5, 0.466, 0.366,  0.416, 0.4, 0.4, 0.4, 0.566]
MLP                = [0.3170, 0.216,0.25,0.283,  0.216,  0.3, 0.266,  0.166, 0.383]


ZERO CROSSING
SVM                = [0.367,0.367, 0.366,0.316, 0.35, 0.333, 0.4, 0.4, 0.433]
RANDOM_FOREST      = [0.317,0.367,0.366,0.35, 0.283, 0.283, 0.383, 0.4, 0.466]
MLP                = [0.2,0.2,0.2,0.2, 0.2, 0.2, 0.2, 0.2, 0.2]


CHROMA
SVM                = [0.65,0.666,0.733,0.766, 0.733, 0.45, 0.45, 0.366, 0.35]
RANDOM_FOREST      = [0.65,0.683,0.7,0.75, 0.716, 0.716, 0.65, 0.516, 0.483]
MLP                = [0.65,0.716,0.73,0.75, 0.783, 0.75, 0.516, 0.65,0.483]




TO DLA EMOTIONS
 

SVM                = [0.333, 0.3,  0.3, 0.3, 0.3, 0.3, 0.3, 0.3, 0.3]
RANDOM_FOREST      = [ 0.777, 0.744, 0.7, 0.633, 0.644, 0.677, 0.733, 0.711, 0.622]
MLP                = [0.366, 0.73, 0.644, 0.733, 0.7, 0.611, 0.666, 0.622, 0.544]


SPECTRAL

SVM                = [0.3, 0.322, 0.311, 0.3, 0.3, 0.3, 0.3, 0.3, 0.3, 0.3]
RANDOM_FOREST      = [0.522, 0.533, 0.488, 0.522, 0.466, 0.5, 0.511, 0.533, 0.388]
MLP                = [0.344, 0.5, 0.555, 0.466, 0.3,  0.5, 0.444, 0.366, 0.344]


ZERO CROSSING
SVM                = [0.344, 0.311, 0.366, 0.366, 0.4, 0.355, 0.322, 0.333, 0.355]
RANDOM_FOREST      = [0.333, 0.288, 0.322, 0.377, 0.344,  0.355,  0.288, 0.3666, 0.4]
MLP                = [0.3, 0.3, 0.3, 0.3, 0.3, 0.3, 0.3, 0.3, 0.3]


CHROMA
SVM                = [0.5, 0.488, 0.533, 0.566, 0.577, 0.411, 0.322, 0.322, 0.311]
RANDOM_FOREST      = [0.666, 0.622, 0.688, 0.733, 0.744, 0.7, 0.666, 0.522, 0.477]
MLP                = [0.644, 0.666, 0.688, 0.655, 0.677, 0.622, 0.533, 0.5, 0.366]